Big: 2000.000000
Small: 0.000000
